104 206
1 5.049890e-02 4.166574e-03 1.143152e-06
2 1.274317e-01 3.321200e-02 2.775558e-17
3 1.835680e-01 -5.256000e-03 0.000000e+00
4 -4.144763e-04 -2.425600e-02 -4.553649e-17
5 9.101796e-02 -2.425600e-02 0.000000e+00
6 8.187472e-02 -2.425600e-02 0.000000e+00
7 7.273147e-02 -2.425600e-02 0.000000e+00
8 6.358823e-02 -2.425600e-02 0.000000e+00
9 5.444499e-02 -2.425600e-02 0.000000e+00
10 4.530174e-02 -2.425600e-02 0.000000e+00
11 3.615850e-02 -2.425600e-02 0.000000e+00
12 2.701525e-02 -2.425600e-02 0.000000e+00
13 1.787201e-02 -2.425600e-02 0.000000e+00
14 8.728767e-03 -2.425600e-02 0.000000e+00
15 9.101796e-02 -1.504062e-02 1.462953e-16
16 9.297018e-02 -6.827062e-03 2.690463e-16
17 1.006295e-01 -5.256000e-03 -4.707184e-18
18 1.098449e-01 -5.256000e-03 -4.184163e-18
19 1.190603e-01 -5.256000e-03 -3.661143e-18
20 1.282757e-01 -5.256000e-03 -3.138122e-18
21 1.374911e-01 -5.256000e-03 -2.615102e-18
22 1.467064e-01 -5.256000e-03 -2.092082e-18
23 1.559218e-01 -5.256000e-03 -1.569061e-18
24 1.651372e-01 -5.256000e-03 -1.046041e-18
25 1.743526e-01 -5.256000e-03 -5.230204e-19
26 1.855680e-01 1.735578e-03 -2.951632e-17
27 1.855680e-01 1.060203e-02 -2.107154e-17
28 1.855680e-01 1.946848e-02 -1.849815e-17
29 1.855680e-01 2.849784e-02 -3.186332e-17
30 1.806304e-01 3.319346e-02 0.000000e+00
31 1.717639e-01 3.319655e-02 0.000000e+00
32 1.628975e-01 3.319964e-02 0.000000e+00
33 1.540310e-01 3.320273e-02 0.000000e+00
34 1.451646e-01 3.320582e-02 0.000000e+00
35 1.362981e-01 3.320891e-02 0.000000e+00
36 1.182935e-01 3.237314e-02 0.000000e+00
37 1.094626e-01 2.987840e-02 0.000000e+00
38 1.010226e-01 2.624486e-02 0.000000e+00
39 9.260198e-02 2.256514e-02 0.000000e+00
40 8.418136e-02 1.888543e-02 0.000000e+00
41 7.576075e-02 1.520571e-02 0.000000e+00
42 6.734013e-02 1.152599e-02 0.000000e+00
43 5.891951e-02 7.846272e-03 0.000000e+00
44 4.176677e-02 1.274189e-03 8.780310e-07
45 3.265252e-02 3.057255e-05 2.442915e-08
46 2.344148e-02 -1.275265e-05 -9.491975e-08
47 1.422975e-02 -7.596961e-06 -9.654254e-08
48 5.018024e-03 -2.441257e-06 -9.755034e-08
49 -1.433286e-03 -1.703404e-03 0.000000e+00
50 7.856015e-02 -1.550700e-02 2.219363e-07
51 5.821379e-02 -1.395425e-02 2.524954e-07
52 4.127902e-02 -1.596329e-02 1.918940e-07
53 2.291128e-02 -1.606353e-02 1.803387e-07
54 8.392021e-02 -7.773121e-03 4.260936e-07
55 9.533177e-02 3.539857e-03 7.264697e-07
56 1.054222e-01 3.179447e-03 7.219902e-07
57 1.147165e-01 3.422011e-03 7.328367e-07
58 1.238292e-01 3.731745e-03 7.453452e-07
59 1.329329e-01 3.956082e-03 7.556239e-07
60 1.420808e-01 4.049683e-03 7.625172e-07
61 1.512201e-01 3.883648e-03 7.626399e-07
62 1.599293e-01 2.684785e-03 7.356375e-07
63 1.689231e-01 2.194599e-03 7.272420e-07
64 1.780031e-01 4.042710e-03 7.798253e-07
65 1.765707e-01 1.602499e-02 1.091390e-06
66 1.779626e-01 2.554204e-02 1.340085e-06
67 1.690608e-01 2.475532e-02 1.315249e-06
68 1.597567e-01 2.401211e-02 1.291351e-06
69 1.506102e-01 2.337211e-02 1.270219e-06
70 1.414576e-01 2.326112e-02 1.262870e-06
71 1.324294e-01 2.309855e-02 1.254238e-06
72 1.235208e-01 2.261788e-02 1.237374e-06
73 1.148041e-01 2.147736e-02 1.203408e-06
74 1.064489e-01 1.981769e-02 1.156088e-06
75 9.247760e-02 1.348132e-02 9.841580e-07
76 8.436030e-02 8.322194e-03 8.457572e-07
77 7.444220e-02 5.401866e-03 7.648236e-07
78 6.616601e-02 1.650362e-03 6.630286e-07
79 5.743605e-02 -2.494165e-03 5.507704e-07
80 4.809132e-02 -7.191544e-03 4.238053e-07
81 3.743390e-02 -7.657792e-03 4.064659e-07
82 2.787305e-02 -7.971159e-03 3.936444e-07
83 1.858160e-02 -7.934184e-03 3.900842e-07
84 9.154113e-03 -7.518024e-03 3.963394e-07
85 6.868370e-02 -1.532771e-02 2.218002e-07
86 4.963174e-02 -1.690652e-02 1.713797e-07
87 3.211595e-02 -1.601516e-02 1.860808e-07
88 1.392964e-02 -1.588789e-02 1.805430e-07
89 5.632228e-03 -1.531159e-02 1.915216e-07
90 9.883575e-02 1.858885e-02 1.120358e-06
91 8.779631e-02 -3.946186e-04 6.202671e-07
92 6.486155e-02 -7.232159e-03 4.309120e-07
93 1.015975e-01 1.134023e-02 9.328007e-07
94 7.380521e-02 -5.699843e-03 4.751992e-07
95 1.193740e-01 1.267411e-02 9.762172e-07
96 1.282995e-01 1.324008e-02 9.953120e-07
97 1.373702e-01 1.351661e-02 1.006935e-06
98 1.466731e-01 1.357954e-02 1.013104e-06
99 1.565713e-01 1.336968e-02 1.012454e-06
100 1.642271e-01 8.963386e-03 9.013525e-07
101 1.712191e-01 9.748794e-03 9.252247e-07
102 1.661388e-01 1.663710e-02 1.102263e-06
103 1.105146e-01 1.189204e-02 9.515227e-07
104 8.053084e-02 -1.585237e-05 6.266004e-07
1 102 5 6 
2 102 6 7 
3 102 7 8 
4 102 8 9 
5 102 9 10 
6 102 10 11 
7 102 11 12 
8 102 12 13 
9 102 13 14 
10 102 14 4 
11 102 15 5 
12 102 16 15 
13 102 17 16 
14 102 18 17 
15 102 19 18 
16 102 20 19 
17 102 21 20 
18 102 22 21 
19 102 23 22 
20 102 24 23 
21 102 25 24 
22 102 3 25 
23 102 26 3 
24 102 27 26 
25 102 28 27 
26 102 29 28 
27 102 30 29 
28 102 31 30 
29 102 32 31 
30 102 33 32 
31 102 34 33 
32 102 35 34 
33 102 2 35 
34 102 36 2 
35 102 37 36 
36 102 38 37 
37 102 39 38 
38 102 40 39 
39 102 41 40 
40 102 42 41 
41 102 43 42 
42 102 1 43 
43 102 44 1 
44 102 45 44 
45 102 46 45 
46 102 47 46 
47 102 48 47 
48 102 49 48 
49 102 4 49 
50 203 5 6 15 
51 203 6 7 50 
52 203 8 9 51 
53 203 10 11 52 
54 203 12 13 53 
55 203 16 15 54 
56 203 17 16 55 
57 203 18 17 56 
58 203 19 18 57 
59 203 18 56 57 
60 203 20 19 58 
61 203 19 57 58 
62 203 21 20 59 
63 203 20 58 59 
64 203 22 21 60 
65 203 21 59 60 
66 203 23 22 61 
67 203 22 60 61 
68 203 24 23 62 
69 203 23 61 62 
70 203 25 24 63 
71 203 24 62 63 
72 203 3 25 64 
73 203 26 3 64 
74 203 25 63 64 
75 203 27 26 64 
76 203 28 27 65 
77 203 29 28 66 
78 203 28 65 66 
79 203 30 29 66 
80 203 31 30 66 
81 203 32 31 67 
82 203 31 66 67 
83 203 33 32 68 
84 203 32 67 68 
85 203 34 33 69 
86 203 33 68 69 
87 203 35 34 70 
88 203 34 69 70 
89 203 2 35 71 
90 203 35 70 71 
91 203 36 2 72 
92 203 2 71 72 
93 203 37 36 73 
94 203 36 72 73 
95 203 38 37 74 
96 203 37 73 74 
97 203 40 39 75 
98 203 41 40 76 
99 203 40 75 76 
100 203 42 41 77 
101 203 41 76 77 
102 203 43 42 78 
103 203 42 77 78 
104 203 1 43 79 
105 203 43 78 79 
106 203 44 1 80 
107 203 45 44 81 
108 203 46 45 82 
109 203 47 46 83 
110 203 46 82 83 
111 203 48 47 84 
112 203 47 83 84 
113 203 15 6 50 
114 203 50 7 85 
115 203 7 8 85 
116 203 8 51 85 
117 203 9 10 86 
118 203 11 12 87 
119 203 13 14 88 
120 203 14 4 89 
121 203 17 55 56 
122 203 1 79 80 
123 203 27 64 65 
124 203 82 45 81 
125 203 81 44 80 
126 203 39 38 90 
127 203 39 90 75 
128 203 15 50 54 
129 203 88 14 89 
130 203 49 48 84 
131 203 9 86 51 
132 203 52 11 87 
133 203 53 13 88 
134 203 55 16 91 
135 203 16 54 91 
136 203 87 12 53 
137 203 86 10 52 
138 203 90 38 74 
139 203 104 76 91 
140 203 85 51 92 
141 203 90 74 93 
142 203 53 88 83 
143 203 86 52 80 
144 203 87 53 82 
145 203 56 55 93 
146 203 50 85 94 
147 203 85 92 94 
148 203 58 57 95 
149 203 59 58 96 
150 203 58 95 96 
151 203 60 59 97 
152 203 59 96 97 
153 203 61 60 98 
154 203 60 97 98 
155 203 62 61 99 
156 203 61 98 99 
157 203 63 62 100 
158 203 62 99 100 
159 203 64 63 101 
160 203 65 64 101 
161 203 63 100 101 
162 203 66 65 67 
163 203 82 81 87 
164 203 54 104 91 
165 203 87 81 52 
166 203 68 67 102 
167 203 69 68 99 
168 203 70 69 98 
169 203 71 70 97 
170 203 72 71 96 
171 203 73 72 95 
172 203 74 73 103 
173 203 93 74 103 
174 203 73 95 103 
175 203 54 50 94 
176 203 75 90 93 
177 203 77 76 104 
178 203 79 78 92 
179 203 81 80 52 
180 203 84 83 88 
181 203 51 86 80 
182 203 88 89 84 
183 203 82 53 83 
184 203 57 56 103 
185 203 51 80 79 
186 203 103 56 93 
187 203 75 93 55 
188 203 95 57 103 
189 203 67 65 102 
190 203 97 70 98 
191 203 95 72 96 
192 203 76 75 55 
193 203 69 99 98 
194 203 71 97 96 
195 203 92 78 94 
196 203 78 77 94 
197 203 77 104 94 
198 203 99 68 102 
199 203 54 94 104 
200 203 55 91 76 
201 203 4 49 89 
202 203 99 102 100 
203 203 51 79 92 
204 203 101 100 102 
205 203 49 84 89 
206 203 102 65 101 

